ID,UserID,Tasks,Taskstatus
1,0,asdsadsa,Not Finished
2,0,,Not Finished
